embedding/embeddings:0
(5, 2)
[[-6.9142771e-01  9.9792039e-01]
 [ 1.5747386e+00  7.9331255e-01]
 [ 9.3052328e-01 -8.2418162e-01]
 [-5.7100666e-01 -1.3727680e+00]
 [-1.5439886e+00  6.9102214e-04]]
simple_rnn/simple_rnn_cell/kernel:0
(2, 3)
[[-2.0186274   1.8836325  -0.59056455]
 [ 1.9008723   2.0388284  -1.9264637 ]]
simple_rnn/simple_rnn_cell/recurrent_kernel:0
(3, 3)
[[ 0.3836205   0.5051223  -0.7731018 ]
 [ 0.88965076  0.02240428  0.4560915 ]
 [-0.24770285  0.8627567   0.44078797]]
simple_rnn/simple_rnn_cell/bias:0
(3,)
[-0.79537654  1.8361623   0.5937896 ]
dense/kernel:0
(3, 5)
[[ 2.8308263   2.174959   -2.2280924  -1.7755085  -1.7441996 ]
 [-1.538442    1.5424756   0.87502974  2.8328736  -2.363494  ]
 [ 2.1479776  -1.5502946  -2.638572    2.9564776   2.179959  ]]
dense/bias:0
(5,)
[ 0.32229102  0.7148315   0.39401096 -1.0415423  -0.34006357]
